22380728
64095445
48489142
44253020
18077826
50510365
7559476
54846885
91797185
18556559
14579019
22026622
64917727
79810907
69072315
38685466
15233746
74266756
21269472
23084814
43286051
97215260
53997659
30599655
55128018
98930613
80540512
79735978
33480645
97861288
1996301
14117714
25078684
18535477
3114981
25977323
72572016
35318631
35683130
84910073
8554722
36502734
47068206
6845950
67026798
44958880
75275343
65626147
52778553
10360134
99455977
80496245
75040396
53621187
14846740
50784310
51081176
64225279
91805400
95794388
11936146
72074930
69411080
53471652
24103799
26185647
4236990
58714292
49331526
44688574
10543191
82496121
30929126
89871274
53626131
5455767
70791486
73633924
36115442
9335785
54817095
51557163
6413563
27601504
45677608
48053126
56913351
40642947
93443396
9750466
2997474
46224970
3510886
79054199
12623263
23780482
42996640
34926118
43966335
56635654
61503933
19016031
32177344
43311112
21060266
41512487
25468466
59719547
8274077
15467516
4375232
89665980
81962736
51997215
72164831
21959573
72283830
25375337
48667197
73057055
73338957
6580622
94783117
86947412
28865983
81030076
70648581
71328004
16145945
49108340
30195338
13442741
53852010
86028186
71612594
11998080
24508566
55937366
32446014
14450071
74867623
3231270
20526129
89919720
46494516
49778703
91500694
79625238
14510131
61612690
9308343
60228796
5617622
41823531
39424010
40405642
52295359
61740272
95401789
60063899
92310828
48411547
2301490
67199824
20167391
90017010
2378450
10568515
90095871
51377645
1274165
77841732
60050643
27514873
6573952
17641416
19939080
25294709
18664379
41141748
41478148
20059411
80426133
84581455
99895303
58061071
28661077
18364941
4403215
98957444
22524424
65864933
86363438
78715417
27024110
36553887
27719927
75526107
86377389
12002910
22943782
11755484
21263132
78853077
93715386
70346020
75724708
17842496
79963167
4554995
79762249
58690015
50291688
85855113
69882975
53660869
97922376
5889138
94114173
10328390
34722053
7227494
7700530
9297921
17065536
70484431
10625832
2841766
18686671
86636594
23129952
37172306
2197613
77558359
66692801
30650279
10543380
20598889
59972705
63566514
34814700
57773355
54611738
35177565
27945162
62847990
66996534
68257445
28847813
36433182
92135387
11524759
75535819
16007473
64313770
81380200
36136185
77845504
84781446
36189970
84591744
16556861
67085120
46518492
99363591
28147220
85967221
49957262
4548715
11337689
16829835
70500815
56539359
24734621
74827010
48640355
66979933
74026963
22217224
43899866
87664875
67182658
66255902
42171061
54131539
27919234
98302739
69497769
29342247
5491391
72057269
2205553
48471023
61068172
35651345
5842069
80566887
93440992
25073093
12502898
9090777
27041252
52103097
92923309
17388654
73920058
6673348
97740016
63782121
30699505
3506777
48627264
38772141
95218747
8294220
4370073
88501381
62529424
15711238
22656160
35054947
96835143
49843776
47186620
11409433
99512038
66207025
29700655
80039226
7951160
8883069
67650421
18095434
58243672
22213682
51868928
16042252
8165634
33866830
55488915
46732052
41687530
76426948
84923291
81556122
84048760
83642759
64418565
80410307
84924695
67258499
91681293
64217236
28174455
16527479
9189545
69160955
95741490
77759208
83008589
57775649
62957683
64816345
31181512
97866461
38617115
44817145
47746043
3950897
11117212
60066037
30445746
57524217
36629950
77382723
89017817
12818844
26370127
30169681
33849988
90431486
99512505
94631268
62047732
99327656
73077017
17151452
99070960
83234608
98744100
43149729
66101418
16638946
53359174
26040121
1105069
94692621
83010425
28614398
80957721
88449301
92385887
5475631
67919662
70346552
60544977
93984360
81674108
68718486
68265637
60012354
32439584
43769663
7526713
20314291
42887059
91336576
90819877
98314849
80998018
28442783
77368190
51343648
53736379
79246180
59538658
14847088
89084608
12513803
50209316
97475262
59976858
44750923
23259854
11596401
76114321
58509379
78641491
85202231
74374709
24028252
97722126
2858910
26822067
54315044
85136840
22666301
69146443
38647621
78810925
56114745
51499091
70621290
17934511
9645789
18333236
62778121
19607356
64408068
89455477
36430157
87339220
32180852
97890963
91280209
43817148
55283714
64023978
11797087
63767969
70613233
52597371
48979729
86392969
4707290
42270587
94371602
36196970
36466622
28973148
17395056
27648339
29455729
78845444
77029813
3269516
18826112
78721662
36857757
42983775
55941569
75801443
71754995
4883057
45656306
40738613
72589359
25050836
8782508
49558665
85808071
99474999
78375850
44037924
65307094
68422962
81892109
41113492
11701806
38895548
65007513
66592511
25121563
9252754
46970840
19326739
24386336
10882950
39763414
14795717
65416530
54857483
14926710
39845525
80645445
77899585
31560588
70056369
36869683
51031788
86868942
88865560
74806573
74023678
7896679
99032167
69625834
49217818
53035941
15766007
82590235
21226515
99747543
9595812
24293159
64566499
56745824
46538373
47416109
74825705
75158086
28953338
43308113
29756598
28169511
72360375
77138450
47877550
35737852
47662529
70055433
38452242
48052144
46721867
24951554
92267104
29272684
81221216
56005523
34829121
81311044
84449643
35327093
88654861
47622924
89969179
87388653
16072262
22487264
37794054
4717284
41417706
93062901
43131224
86624743
90834740
62963712
83807752
36541916
72503083
55127776
19141441
99125063
97262380
81613699
6538245
26015727
88495900
48543725
77946843
97891643
18657730
49908800
73678083
96144755
83855464
12670028
28034159
36667865
10014528
31889278
77934153
90282785
57442170
37520448
81895898
49664344
11152300
28088267
44302898
64980791
93666296
97953840
95145367
22497705
16434501
82668513
92926163
64669944
24969716
38933991
87083570
9779699
56928961
36996787
74864718
27457131
80049670
60413368
41851113
35085898
14709556
33369068
8317205
15929538
37524345
3969164
38465928
23140582
42530470
76145470
62550979
46268601
62297498
79175650
46690700
69312092
53745641
10637490
58542716
69735374
25840343
88164930
30827360
59457778
83271671
77326241
18888346
49991455
5490955
78472792
10253859
38129776
30548154
48565176
6844999
19905653
45060846
57048455
82604383
90538047
80916122
91512998
60469496
58635371
82998492
13211692
97440170
95475641
85866341
82969879
16128957
91264873
55157420
95770958
50106077
76600610
87037657
23357677
20220878
70936947
60913570
53688083
39243856
13793855
15303902
79482384
6499970
21336601
47724015
45881603
59169712
37207110
21762453
3157171
27149539
62644539
37948741
28343184
22453652
63344268
41394930
88817928
56954389
79641499
76915167
38005441
38478407
74017598
65646156
10742796
53651513
17321060
2957843
70797782
44831094
16697887
45126800
71241285
45845246
1225555
54366384
44401344
43306565
3513923
44055512
54522874
51531591
51437220
44974998
71206282
91747252
54675982
48513962
66817484
1071854
16861189
20404635
40288740
12437412
73359758
49681060
60361709
22589750
2510195
96831767
91796777
69080945
46531890
53389886
17682846
59153418
4035692
57710782
75876941
44313073
69098058
4697066
27612041
21916746
93798489
76199630
40783631
53546851
40340114
12531957
73002496
82985709
13724790
9662289
57529187
33891358
10527585
80045211
34918069
16606764
92088129
32510234
29243340
35863107
95402358
11793642
37914827
35820003
27092616
85559609
46542018
69247541
57522976
77853247
49972413
44760189
4411479
84605135
51406590
18336656
5390559
90582827
12353578
8314532
22589514
23385820
78274942
55476917
41549327
88912909
42793785
5952717
10813155
56454220
25711795
31801577
94874067
9485082
9864644
74626105
75964164
50277116
7206086
45447616
63081795
44477231
61965606
19734384
81348090
86416756
1788539
97894519
29847195
18815115
17529728
19730056
19068685
88390348
90879566
45599966
46313726
64763162
99379485
34043117
77757100
88263191
4316683
19166106
30494301
19421378
42178455
79969254
68785958
83079375
51624676
88112811
11418827
36640645
40852024
20413697
76975300
90532134
28217293
3644333
67405972
47475136
88528369
15053961
84551848
72938194
91762014
56403802
55085588
16374495
13159406
83441553
96640745
4197388
99199922
1105130
62478533
84598084
92479245
23917863
8487840
49355279
19483125
29519659
30335043
53258733
67396195
99968480
33403254
84231758
83858554
50929428
10933933
53447849
9418266
7609749
94215228
5132808
46311141
94936666
3129777
37785655
61122042
12817709
64996287
55522771
36199299
60934761
16433419
62354997
42002504
58154058
50861936
42050224
42819715
87950094
54875842
11687766
14923714
88876703
54760213
29414411
14713224
58039411
62037546
57273644
87588747
72321966
77256621
12870163
22760601
21166272
22565002
43971001
86330006
54220385
85318410
60256620
74868807
23119531
91593914
42926523
32797225
27450253
89183597
38960550
63967660
29880083
72847301
34223323
13424802
76226026
53768874
29338589
57656340
68000182
60045437
22417817
92859298
43762390
8170228
26257484
4306524
63485716
69179403
97495604
49920983
14061473
41789559
75608683
70075953
8209164
27067482
87215726
58453840
40626770
95682906
72917155
28853144
64656558
97510961
34480403
15615770
20557404
32308114
83240074
18067080
56308047
85100093
90378093
89427679
51096432
6768951
77564582
71217694
34984705
36227453
51680836
53772838
79805226
52954170
40270959
79440303
62002700
97822347
36186770
6633410
22643933
30455083
99326104
23631290
93269929
44127015
78278802
95570744
30922930
88939069
70870851
10705966
58023887
79616882
54648093
22884236
20016895
13332190
81223131
64844990
77635831
11636199
61951485
9865994
19821574
57369065
73493367
65206857
69383388
19357564
12953166
61459607
32773012
29659308
30149742
18727440
29892034
51329366
6541324
62003640
98305934
46452341
9394835
57314700
84718411
15020032
69173967
74231710
7025987
31531623
69548325
89658303
73572571
81594102
58529195
96253420
72281177
64891524
54693002
44882497
23842955
3425111
52360372
40349161
17633754
10599300
11398972
4898946
58574408
63071711
65478306
45217958
23215694
17973161
47222380
75717673
66267925
16327461
2163836
18641553
58043672
42655034
81538635
37229322
22278191
77797332
78510915
23514451
77885987
49092644
76519797
66090064
71070242
8066050
52949317
5783072
35615900
82913784
29461656
96947963
23805719
43226701
5656088
85169962
41982834
66699903
75391039
87205572
45777317
33730304
11995525
98053589
38422477
75611079
32749013
14849473
62208327
45640814
39270115
7582098
74737078
24498737
89811892
31344913
77537164
27468691
89425641
70423186
96395545
3835686
7637436
48148268
53304995
9603922
91525216
92772092
17976980
24511482
46013379
64581621
99215689
64809778
4308651
45196303
55052648
50633757
32275540
27030966
46375964
47023089
36989386
44041672
58551006
42264168
33088348
24664306
22933501
90017251
97958507
19060902
56597430
42449029
74861739
86653715
60985398
80574806
66835842
12095917
75246406
68129962
75442748
11973431
3874111
82827071
57694769
14588711
18929117
60082224
13776457
42767345
30128918
6509790
30626010
26447360
29559116
78506394
58232907
91752496
33600861
63306551
60132894
88871767
5573185
31281981
7649251
42994325
82336168
94552844
63647743
82538196
94474724
82629412
36095226
18707070
27719014
6150077
43953862
39874772
73925115
51316938
99445388
93143441
25061491
8231548
50100708
84008958
78711295
43421940
25806532
80934271
18885407
12208635
3985282
69440180
43020040
91509893
52696929
58230434
23843153
20653095
88259325
12737959
48216685
18485464
45786588
8930040
37017131
92989708
57119519
80605386
73780373
78501781
24734946
89904836
25962392
37164201
97399384
1166099
60469897
91479113
82326807
11773138
31167546
62751354
8475896
57972061
97884571
20096311
21297981
23236197
30413158
48104316
16092729
97705557
34866635
88460672
79949460
89401860
82192110
7348848
52939804
56751960
53666332
76938201
97938722
64479522
50699487
2614208
71649179
43804363
89684081
22972898
98592928
80607946
38281032
52509063
43206692
46937969
32585685
12687176
71417345
74713864
97413606
56247342
99175150
77415865
74932924
54891741
36914326
83843504
3406562
78511762
96284540
99320106
46481836
84950507
42918268
85999665
58487479
75404422
26325062
28425827
99005632
17667345
9170957
13611147
30995047
74274257
53730749
18134521
5475899
65348211
55448409
21934466
1852281
88150909
39658251
97862411
93061218
87567811
22914285
99861765
86371379
46232947
13272407
35780298
89145691
40916137
6500008
91220978
97136925
37767199
34645159
39613351
2549367
48845778
25155390
42108937
64847258
97587856
5185616
39509469
37621952
49222590
35498990
57768994
37872986
3992738
15414903
90237886
28305255
57205670
95640705
10836098
45237101
53671715
64170025
31932665
62118356
22545969
37350179
7969730
17972922
59943590
12087348
37539364
50693752
54450210
14310107
61331446
88786858
65077786
17914341
93431537
56577046
89723102
98167727
32164351
93093465
81999078
77025474
36893677
84152203
17462943
70104010
43212779
63393742
59716093
59401436
42641693
38827051
26956016
99661892
84898060
57306138
15387979
70221531
48811997
23416740
78097086
69323919
59207584
92585336
35893624
19321288
10723327
3652428
79995078
52640389
84938061
64973915
2690127
97646891
51308408
65114604
41379961
94909540
38181836
97956399
25638053
38241436
35032903
19676015
89918034
33176448
80841856
27296635
49676473
56651799
83276379
8719463
27158936
84426116
95269437
47532038
50600676
96977051
9561210
75400652
42006884
6383650
66815713
3088339
63233733
29636095
15448155
33150054
41680191
48683315
91151859
28072436
45808639
56833881
9443931
47038150
60943677
92531401
32922233
77735323
52386767
68425698
75348648
72938004
76350037
94064922
62162857
8853204
2127357
18857207
10410373
9734745
30493065
1488835
47336286
2969945
88714404
96826534
19436987
98298849
7079871
13333424
71927852
63001565
15578814
13325333
94754333
70217345
46954395
90666799
58646233
29833621
40659864
28044266
68964949
51311699
59247522
7597656
46713225
63819860
96940351
92559666
4301478
98250802
89189606
16184004
81232188
8859065
99222750
66006436
82839729
1855250
52637580
20741178
3826910
88687065
99581303
16417108
89090190
25959519
44650147
87755062
32391675
89778894
13090914
94244115
11469136
89079497
88667343
10371984
85541059
52547938
26669426
30435143
17223107
90581407
81466840
45352843
38915566
86668193
81412700
59342249
17774848
33823798
99306731
47017282
58355256
11237401
76258618
87855523
24499730
63369933
91290780
75089830
55166252
36283285
53816116
7045864
68791133
95885570
42434753
25184079
6751942
57915186
59557592
79869985
16214289
45888902
16199500
77521985
62524029
34319377
33118881
37130150
35728269
11045115
13912328
89965066
68629401
45770690
62943655
61752951
97109894
28416095
9466137
9656083
4830723
97436326
3363295
88958530
43353852
90359720
3436050
23515117
30236587
50796702
81003056
69549041
78211436
72005895
86205820
88336274
87813510
74714452
73099773
24680397
84448977
10660279
95032787
78200801
82392776
29414648
29408861
37932684
90784967
90300978
91898680
5890512
66866188
5035126
64173137
94550174
16871088
33078916
34795143
99566467
79294930
21611009
30489626
58976175
71319265
97895721
90955990
92423501
95533771
53659786
75170226
93760040
69480507
50045630
42967369
17209240
56428843
31502738
22706864
53526782
87140117
4232882
24024862
6347575
64931191
82792614
52516781
17005398
55593380
51889662
10027154
11488514
49361366
55579691
68760821
55118147
96727582
71682584
9078653
78589534
53578224
60790727
78428018
33141604
52767737
7261270
5115309
52261887
62903160
93360536
81187786
38620510
99777329
26589099
53818147
98128983
22803980
96328979
21449893
28301746
43015166
62339510
77458313
52233246
90040205
48915326
48231700
83852657
9069503
12693373
3223250
62212088
21397646
68071432
71793657
42721431
15320276
43677715
96478678
98849566
53836898
87042989
97752653
72341989
80964614
7815801
78264148
62798541
4358794
62279625
79281399
46597340
40213330
22956932
71111466
37938106
31896717
98279870
28238048
21523173
34627473
75917970
2902697
80451453
83866803
74321806
17866712
38550854
29240467
12011845
66896675
23152851
5557009
26774223
54818861
7726627
80700461
36927335
22289874
57481797
34104213
38127413
84519532
13497513
63792162
1302210
93999504
4126320
39582458
35171539
84251921
56911265
41617961
12491163
18574311
35259779
47970300
41805571
73900884
10780518
49027146
16970990
56395800
37884881
87684863
95150579
48481303
39908302
87312779
6958463
70360870
3923805
21385964
76257804
82992148
29106624
27916710
55587954
43317883
94342963
12469118
20071222
30536056
1185491
21297793
49068052
90891385
23932378
10398665
38083708
12613923
1091045
15738550
48581046
30846667
51054160
46032692
38179422
42715121
76972926
58201856
76430634
94020297
27893238
97468904
86364081
24684270
48666537
90240435
23573497
39175418
89609960
33098171
32197477
61641797
96268604
98249260
62416529
43130525
47536298
63903462
48964952
47164493
73294434
77766218
2230005
18999307
34194710
87381742
73651566
2576886
86964879
76776147
26144627
95596947
81787046
59782597
62081236
15374736
28577301
75647746
70584231
46135385
84520356
30148562
75901225
38618865
65563882
91895662
7675885
46284845
10509765
78762275
19230059
73944057
28660823
72782384
92722411
92205247
46319197
70205328
5396516
6625759
23403868
57140941
90109969
94541267
80831300
39777266
13209691
86951659
97617075
20318376
19055154
91581095
67920503
55749461
58351676
48211203
90146157
30922596
70566841
4100392
69052048
79298639
19902667
79600098
94565290
6267852
72061323
12101811
45483169
45046269
25291798
59611070
19511563
63898867
82824983
11293588
29383716
9549770
86193691
51227489
42443523
49419618
32639296
79618650
22496257
88674901
74429172
4053009
52067924
42126699
18558420
17712515
93350175
94365008
63248790
78228774
2053336
21887998
90692892
67141737
28778043
68507630
29173234
12650062
73519151
15007107
10592616
69954927
70984372
73456993
10957901
23362300
3099905
68963059
25525802
50683915
87848806
90469625
55295997
14946983
65690896
79330105
96031791
17380916
15412456
97113831
76926326
23843643
50017986
94804540
44408922
78328743
22172905
79218939
18281101
36148927
2553002
70461296
88976637
90723324
63241704
7042540
12977323
45650797
16777771
87135458
46709921
36119651
38584158
21763096
29960290
82954347
96571742
76985202
75208868
89801732
79071227
92618865
19238217
28158362
13334458
87953325
31160685
3519181
2391691
36102921
32905563
56337368
85293586
39490942
45559267
36831170
99502717
65059876
30350310
47926373
67155461
95310761
56002066
99728741
30361130
98277596
87755188
93072231
76716241
7456274
29958587
62957020
65558492
62650529
59180211
54829278
70832295
47139952
25554503
11251117
8054112
39917475
78053262
99618019
3242699
86577585
31089855
29749271
27637342
1544369
61275392
39584665
63630979
29639470
36982930
69182824
81998841
74961189
93291873
29012932
32844455
48693565
98495586
96673158
14414200
60443148
68002276
74353160
64436787
26183773
28639136
19768288
23443346
31844297
2507178
10256084
8881129
51961980
43943952
89411865
49083558
46794165
19468984
72896565
95466694
32495790
66150748
55453310
23586796
40585762
40909993
57270322
12109648
3536655
53888233
10808651
5970355
81023726
55093545
76786365
75936025
5489165
68067339
9857736
34933836
29122703
75347060
25057501
21876688
35612009
31157692
70141096
31812698
91655855
35535158
38797268
63928562
26860064
83275624
34160876
60661179
70212632
17709470
89680104
65548349
11575873
17441859
11999775
64384182
50365175
87710143
12933639
62157399
96043955
61824193
90373730
89887124
96162662
10891039
86881001
29649758
54284141
69722236
24207079
14829780
76552080
47329176
30582545
96990470
82224735
79750781
2859910
87543476
52834414
1089348
94803772
35394104
61735269
92592929
10348119
33968464
10380923
9785155
11340625
95661080
15138155
72879619
18133086
31318598
10883538
95428012
38473761
54316456
45850201
47332252
29734247
86972297
45558781
98447703
36003675
19714904
81038821
41955777
31918609
27594724
89782391
69720683
41794361
78770100
10932294
78467845
20343893
26694001
97962204
61254299
77959675
33354963
23686606
54448591
38393106
66023040
97171592
61304055
31442157
15948613
68752048
26338497
75841864
39040255
7143611
90567907
27948924
34871875
26510791
90930522
45947370
92335856
70869436
32750799
82435463
41306134
72831806
71668025
64795414
29718068
97323075
67621036
75922571
58483255
23646558
4011997
60182518
71133171
37350189
14261463
6369586
37131284
88588011
51116020
54005096
35262356
56235827
46581785
4973472
92367676
31306073
23304622
53407915
49247381
42103601
10846948
78147093
55854755
18117874
57117166
44109173
24030243
58053103
90605335
20088211
32286305
56208007
90689705
62800570
67456767
18073075
81691702
96085659
15603129
65378556
57881543
51621666
47362772
4095960
81743256
31157817
94729668
29913319
32864233
41934537
22392452
94983686
67836080
77833469
82463002
72411890
13247116
15539421
31030091
30571617
31482476
53814646
17995794
72841184
12782091
81299398
15720441
21729176
37054106
10609304
55620363
16822316
61575665
26173353
54418491
74974379
5716963
97795610
8620806
97829518
3997456
76400283
3190815
44740170
40485188
58760436
66960865
75650764
9828399
8366095
60240781
48083207
96749328
26027035
27876424
47893983
37133782
99705960
98910400
52951819
54934034
59372347
1934232
81293935
79772091
4130336
28661077
34534668
63199529
27174736
5575039
42611850
78502118
75061158
20724628
5124144
63894520
35436766
71344549
38740970
84528758
33878867
18352679
41726601
30934348
46609859
77940639
1648635
97472375
69897850
64980215
94411675
23494192
76126278
46481926
41771262
64417309
79793113
56920354
18837891
79504009
98102992
40999353
90541914
88612443
23801857
32814327
32777609
45176458
86898370
38476758
15328443
12843282
2222577
28882522
59156443
79351419
16627333
1945415
74880901
37746003
3954924
53013176
10061578
78423376
9629749
84930155
83547438
41296778
8609667
59073383
45988727
64895046
93618679
26397442
75213927
55471484
5297731
8422962
51279150
90111037
95792468
49676077
78640528
93845256
72227899
96854208
59699534
47177831
90169130
57256696
61787396
10776785
64651246
17181028
7079692
51077650
14026644
68731652
3318137
21778479
95864052
58877679
13966990
87676262
44303073
15142849
22534795
17444995
80916550
7514055
40287210
99441533
66642359
4078178
82331340
69648374
92933313
54888232
1857649
82813236
82577501
51862285
83156053
72248829
73174025
49183790
72905371
15434607
6989226
14668538
7867780
13084205
91123520
48248278
70167356
84992619
43475260
17019998
67537024
59709377
88732700
78113520
20930798
56910028
84876772
56202374
39083356
42185697
88130559
59808437
64771993
1203492
66132827
90821223
26147698
31041738
88693826
51176655
87308103
61566131
78803297
77690119
34836168
40405706
35648770
82867368
10536775
25638104
35842114
40263147
93734973
41307206
17751504
67218221
36709155
46223517
60073992
49242562
42320473
38001082
60587156
23009680
29062102
86558398
88494328
38022951
2247470
38145498
20032288
64304837
23010095
98660526
98977372
4424559
42861664
79080497
28361674
14260708
15687044
58085364
27169929
41324479
1126891
44112330
30846400
60334254
42042672
10097375
50862805
61236981
49736551
62530992
38563275
22195387
8793621
29862606
88009018
32162375
45944287
93684652
95995149
59063079
93829876
76781674
55886989
72553141
6824809
90239659
1337385
73836775
86158199
90047407
64634808
25000874
7360411
8185507
75115823
29238201
61247021
72960235
59497809
78839780
90495173
85026186
48163192
12861196
28348614
10277166
63533349
1522799
80019182
32449239
31698527
26381701
75973783
47722204
39273590
14317273
76247202
26452160
96400315
66718721
15187693
51991529
33313290
69918038
62680572
37096356
88401486
16155100
4779794
15282923
23483099
21826214
92330771
81884415
89093133
75177675
39762316
39091659
41067310
54128186
18597329
77015065
24992759
30829026
41367379
19563464
73820428
3022693
51476628
75437729
20259514
76417823
47746483
96801677
48553050
95131724
74990940
14338745
88597410
31102283
38358556
68974304
60766667
34705568
70916903
28738894
62901799
76485548
3908304
50330669
67085079
80955803
52417233
37834761
97155628
21576409
44497266
88329949
75559931
44788936
45591183
51280353
55684941
3770013
71713510
71454885
80439014
77780342
64426317
68080007
7756195
28054400
25821744
73653499
54735745
16453648
41911006
63228372
99444329
68938931
76970623
95504174
22833600
11567843
16080947
45860832
56924429
88598238
42993448
41328640
92697919
24862652
57350193
99546256
73380257
64391356
39035683
69818252
96798944
43328323
95287379
93721587
62412794
25034600
5464765
15642575
1241923
5394201
62697028
28274707
13730375
87792368
46710353
96120863
27508193
86828554
63544035
12729879
41365068
95497138
52207345
54077909
59652122
82633057
21685412
33018720
62562497
23993931
30170854
38772261
7205489
25691566
37491785
79473384
96738695
68907953
35370737
97428302
38675259
25421028
32557540
47615967
16486888
52571780
90328659
32109941
43607064
93739953
56442769
1659969
96417391
32021321
52012499
98208567
90200015
92451084
74218822
34748768
12139761
76589192
85610286
99184616
22266994
47417699
51261023
82480004
88308002
74074390
18633461
51149385
3331688
36079625
8639863
91236478
74558880
67349304
56896431
55716594
47890235
28522855
19078371
45679107
18986562
34407015
60269009
60067795
73651535
51919556
54137963
59981051
32022934
87027950
88372340
7913615
47417060
13266840
9733630
37445782
44647194
76563571
9909915
72373902
84907806
55564399
61549586
24843396
52989001
99737610
37403195
99607748
98112486
57016579
38201030
81491598
96609154
8595441
62401994
38020961
60881166
43722869
61780298
16230298
55571598
79810862
55097405
61392749
3376457
64743369
31527859
27751065
84143942
75556361
61925532
70266211
13526401
33624338
85364316
85484411
8228597
5959722
71295391
73959472
48301832
52662956
11259308
30774272
54684471
41961872
48344012
83496855
88083732
95808387
23562856
85592571
36573890
17505036
41247091
38125758
31700881
14507916
13517936
93068011
6403419
99812213
72164023
88486497
16072669
78554248
9536599
92712552
54802077
63344449
49198192
75993914
54092602
18802533
81284553
12669927
21886894
87071868
44162059
61903139
68838182
90658066
8656816
13447758
1680668
32213163
92706716
36092434
21378327
50100669
92246003
85144447
45270076
21941247
2832098
88391747
58358925
7169465
57457814
9786641
7881177
81257724
32370544
29327074
16336062
90507401
91354391
99263378
4065078
43890879
80517206
19310204
19834810
63584692
75868083
50537659
52841672
65539820
24071650
4720425
19945504
42321821
62180228
66292336
49875752
66686851
29657087
87476197
36903246
28361415
57172121
96073460
27430215
41283910
92432771
69655108
58990710
69905048
58766360
94989300
55097346
76314678
43028781
72179643
65881827
42519208
8529030
29211660
90139196
21627727
46886333
86382912
16165897
9870433
17062740
8518496
21671906
47712550
33986554
93687587
23250384
12992426
23835365
75950548
5301116
60159010
54033482
84832421
90607381
95216692
46772343
33608690
83741119
76488760
96603666
18466522
36193789
64862854
71033755
12340723
16982445
35348398
76781269
2223761
5520370
71768187
39172547
91381439
84267991
33465854
61161808
69940017
8288156
83497267
3313621
67949882
66149883
32164587
56912278
59834055
65014142
43312672
1560773
24726278
41719020
63919265
27644471
29616627
84384719
80372244
81477387
31963105
11987967
54692292
41266860
52427011
19530841
51117197
93077211
47036279
4449948
85345346
58379805
90883331
66847766
3225058
40305042
66618450
5537478
90358555
27755323
7590980
58019811
39831713
21565401
93775816
84936078
49552076
95487303
74038633
58258225
33521182
48384740
71418409
5333964
98526416
23114838
94428699
65192295
19673418
3761629
53032151
42941849
27386364
57531269
71388223
29744637
95849881
80885542
91873430
67176981
72185629
73234578
62438042
37592304
21792226
24642060
76556687
94158046
39144847
98431752
54386186
7491428
38867771
17920558
95175438
61439212
82277225
53960587
68093698
74337134
17674828
16627938
10491446
36631164
41275552
79138928
97722202
87863545
54590221
89728836
25773880
26855310
70493550
46244848
30285476
5088953
81669694
63548797
90677626
59100134
37936275
28391258
41593344
78100322
23860505
97930746
15821680
64309790
60959028
82283650
5240072
37858438
58937887
4681556
18426074
52502245
62753664
38005470
60138206
3695030
58215643
38902246
65478525
52615327
60712224
21318110
54452935
73828602
8577679
19052837
21615766
6417957
48779491
73098126
18206143
2406709
76530268
96132458
39429683
90266429
92219999
92926646
62231610
27756811
80243249
83822927
18226584
87758692
35208527
96693191
87147826
25923934
60234956
44649605
89489906
96238472
97630610
56893543
65562724
66862134
29894823
18412572
2374300
12049099
14242421
80063588
24718655
55749904
69115987
72484638
9407616
56900276
33700567
56033904
4456491
53009758
8629203
15569492
24250359
81252337
9951891
2060120
11191511
8353504
25628083
32125425
77383746
73646870
71948342
2038719
4754866
57019688
21180371
53826267
71731914
71500563
99756491
84329043
96219220
88049998
4017769
57221093
77845312
21099063
88039195
43609820
95428158
83031985
74177040
49874786
50757891
44673042
19307624
72665155
64657301
65351881
42989133
99554685
80528148
15372624
2917941
80627777
67352925
21089376
48589769
31510859
27943041
86397938
96732555
40560528
52322314
45926355
80959915
99151190
8633322
31427556
1062497
2379330
37625992
89303943
8669596
6966418
18868079
37798066
66165857
6297398
32089522
92850965
87481736
31236384
93880711
17434979
83770936
68524956
4018819
24509395
4217557
54554961
56556668
32410119
44804166
2826414
65218902
31443244
91732255
56439783
48173964
55768916
39634543
8152439
3066605
82766505
86890827
31169997
3689492
69981296
20130948
57042338
76500159
20495028
76599346
73818572
26602142
59690339
47138251
7390700
71127889
77422011
93393359
84751218
13159195
50202648
78730061
54799371
33602812
3284306
77974314
21614483
39422730
51346066
2548210
77708082
2984773
59523830
85354180
62602182
65113114
64364353
53846365
3076894
41887127
35311432
11162233
45226934
95726683
66489409
63619300
91865332
90012734
30323075
84459445
93585985
72638724
77359812
67584610
70527594
55807292
35143228
13954192
58158819
86085875
15472890
82351789
57753069
60466064
56125828
67293451
99227219
23923052
44224380
71760284
8313448
88041876
89246631
20691413
69000602
58427862
11489405
4296131
13269718
47527673
2492259
60823286
84074500
16728121
77550501
58616605
63947330
79581115
13880067
18702832
3543083
56266422
76096163
48278431
73281937
62787442
61427755
59016810
85587956
51414421
64097233
82322499
79347050
47923991
40408562
95481137
24825480
75747026
41654786
78713540
23543286
49793769
40170929
52012362
81638642
55806643
74103110
51238159
94075559
60346813
79686815
72014967
32238173
82966177
89458023
40312630
56536121
44047358
95083323
43216835
63997699
91607503
85838546
28901038
67916285
22593002
91308640
4201402
87229498
16062918
53124803
2551139
45821804
17853379
91159500
8953637
26395206
30098809
9447099
90105103
87414507
94714389
40254037
95616687
1004312
53887364
21637268
21949096
22246603
73894715
90531788
82661636
66669792
77718872
24713898
9729730
68225373
61086802
21758956
2391735
86608352
13731437
63913828
97235000
5980636
90672718
31183859
73712608
3685640
75071676
3377968
39005412
91445212
72900376
46832079
63876376
61298975
56373988
80966275
61935023
82193432
47477030
77312641
36169561
26178681
24231105
91305825
80099420
76222864
31184963
17621876
72870957
47953497
90535976
61126628
16960226
11893459
72593863
62413789
51971707
70191308
21458984
39080928
42364964
95741126
21971148
5760856
68218154
88596287
68887090
48799716
3842234
21736132
50423953
98359379
67643105
2321324
10552974
23044626
2409757
4504741
29898971
13131346
38870333
15457924
49708987
68168866
38414536
63528005
75417500
81122669
21020895
35291994
50507466
92240588
90971085
87941582
29183233
43046161
68146738
43007194
65112480
70309206
90714227
21510357
35866806
73339451
34512120
86891304
69995347
62708419
87321053
97154470
31667083
58906182
8188835
56741166
22510536
49131023
12445738
22603668
43976049
89302595
13685997
94210676
23679831
7622106
37170697
41004316
5421144
41154138
50498122
4661972
61650922
35503112
68304143
22978449
86572458
57067701
18373900
20145996
1589817
25279226
70639340
39157076
6240969
17027396
48145017
41820729
24296056
16804076
66896954
25231540
59474507
9679517
78825986
71833038
88780803
29735404
16961720
63608453
93351916
90703217
39240903
71946582
88013804
55398643
87394052
35344708
91457043
39613377
48070193
10834357
45335368
12764957
76705984
76325382
84383565
88397024
37799969
78464015
83649550
94621325
78614344
73904150
70462796
70452289
19994567
96937530
69391495
30690258
84609506
58298496
72923044
39491344
70961772
19779849
54554763
1117847
62727835
59498498
68234206
45356018
40370690
85262250
62540586
65688764
29747147
29842506
98292204
82763085
77517550
26537513
35385208
98521623
72424923
53125454
50760275
54186900
98481403
82558240
45107271
82386743
86182296
55355234
4809288
54292487
53599592
60093497
45427526
53318491
77118460
94595850
55146509
17202774
18697497
3356093
4249312
94725710
85948606
53367328
76373309
87462292
18163310
87548627
39364122
10671464
51207786
14564737
59209048
53478608
92379306
70203445
8009119
77472404
30909374
83618176
71001747
50602191
87707872
31726092
52488106
58769547
88152118
8420099
9775238
28476982
75041552
4083294
13127192
46219984
21558860
9811310
73131712
40843318
58753312
48917835
52496698
46864898
45005573
73138582
91784535
29077621
96586758
98068277
10804446
7832453
54229913
40591696
10811083
85812682
38908721
41220763
83978285
91314076
28317997
43263216
72951209
29967828
28480923
24597071
86937698
3730239
34755138
30217130
51163467
51122262
18586440
94082787
26714157
22937415
84950129
1472381
10430138
14785067
14740016
51558645
19870564
60987681
80372058
51378956
34366175
63947751
54529752
79025177
74828141
63631991
49938267
34492676
65993051
22032034
65695553
77096000
87828497
76070089
40812481
17026470
82499587
28012565
34911442
46682362
45301307
83877752
4650669
10332230
16523649
18326551
67129942
74133126
78713820
18770749
9200351
58004977
16051223
41863799
71962695
45750305
77405886
6540337
15153878
74806182
56953706
91838085
17072789
8231259
91126243
52347223
94189440
78090684
13705896
71389040
61090670
1312881
44478593
42574566
89887217
62817468
74701036
54535455
7674637
89631791
76019595
1901606
21513817
13458922
95898885
9020113
39833159
6118545
75123386
2828785
6325853
47720107
64342169
39512675
64368116
63452958
26158367
90266559
97830649
29485665
29285149
53870659
47666151
98593977
34708552
58267047
17903632
71450040
71667812
65399010
5980565
33472374
82611201
41108510
68478954
91381201
25635080
58770747
92172622
66798784
7646383
7138554
53256646
66118243
43599286
3776676
34185817
96627115
24511530
91625562
62444018
41366490
7346538
36330099
90272977
19225420
46048207
31774430
65643889
37122973
71203476
80743833
15001101
57233392
70385986
27334859
45073394
60173737
46024412
21213815
31026821
96394047
93014953
33822748
7988129
7410404
21962969
64838922
95107863
48863393
41988684
54458129
84282904
54885208
64788129
2421444
27024152
43550850
92018652
26413183
69664977
4801196
80366077
9579166
73700480
28762776
7185451
27552565
68022698
60008223
35004688
10549938
30325634
85568179
16827004
64324891
44137741
86519098
69333901
92855916
24783645
46403867
27595018
77215286
21234999
7593040
44369672
77390682
84609070
32079885
51952183
75681335
46609414
86674264
77376509
11865821
19695810
73739892
84013357
45806380
89416389
20783495
98024682
11175632
97044233
8402860
41173261
99425522
13870282
64946451
26679262
1625465
62788742
75461122
42303406
72321376
91334072
59002638
38005131
59545970
2231269
38771478
17173435
83388122
53442961
41062952
42163941
70142583
79952291
83293070
52301530
49988024
36213802
66972272
44517639
47063298
62287408
24253891
37813197
61174143
12537095
99590727
83759753
66432801
13498840
89747752
8691774
1041647
97005959
28080323
56718874
77621166
42671267
4503660
63330330
99582905
33906334
6587308
43894715
56589763
51959831
25694957
60415727
74196389
13179217
52080476
53847102
20652393
68477951
49887574
88253438
10233474
69549113
36361547
24406684
20556787
7926844
80659825
70414568
45404486
68342177
82907229
39917042
81901754
64041974
56142826
19139798
87784546
10053893
37487391
77488251
20041564
89187999
25246309
9897152
9066165
19602427
71853579
4637811
51154861
63706894
57815685
27536964
36606781
87880735
36378095
27515763
51036725
62380795
38694506
6853280
6219418
92596900
51387338
55876245
80908792
3281884
32972277
61459893
95029422
7663274
80756663
51649244
73934215
51958527
96560872
55580196
76655029
39452010
71329112
96309751
11717269
13746892
56939051
6566245
2149428
60613358
46372143
10142112
65114941
28484308
80961663
59716603
94797555
54016874
97114929
86042118
90103464
68012293
65899476
23813925
97018591
32138394
82822187
95126443
77493950
49944442
57962441
62754711
66220921
75757096
1262122
93140412
27909625
83031734
59759264
52944726
13360320
92402056
11263761
17536754
41130348
80403083
20521125
66766857
97345997
23722499
27274255
37910179
43114730
54804268
66048357
75712546
46847616
60591167
3992109
30075387
15778676
14759215
12804868
89524333
71020540
20368479
32501654
80751786
26272606
89787481
34618146
16176781
16524055
71267482
5115942
3523139
80420746
68323970
51095888
52347946
76611945
50753569
33346702
91500489
87227638
28446270
61356280
25291566
99958504
18659336
53276790
82246608
68516877
12871614
99986045
32734320
56564739
42025069
26489316
98875639
28502838
71372125
94674390
46319017
84070838
78216425
33045335
31716644
40151924
84789124
41306194
64330489
53522852
93742607
92098188
94478379
88294440
51114897
50422893
54021830
33225629
27872254
81317423
51910302
91765484
55190469
4128292
65381753
77249276
71240666
80370540
14014123
70223060
9457090
23548878
66035354
78497040
12664736
52437673
78474044
53808757
17236759
27380316
93149462
72400522
90873472
38306078
3241918
93668646
99725420
39414876
2586011
18049815
72252206
68958074
79865906
18356385
26357367
67368250
5278773
91869977
99552654
15606053
54965909
76353973
9139090
44622351
80799427
79008339
27084915
22027818
83318950
34401167
97841344
93850392
76770021
3885234
14680733
7958682
80574634
12669736
97139945
36986580
27665852
96674770
81597371
51252320
85794092
4138411
35120888
27948487
99322221
82938817
87795928
34321351
84686196
70064161
71144862
19795389
66966980
41745577
29203679
20880711
4990613
9912588
35054604
29247436
52575924
98091809
17840365
15296358
26077580
93763562
9401673
66685985
65786865
44437820
46805863
50917696
89596322
81830202
40781532
53972037
57191094
56410723
24440854
22609707
20918638
61036793
18584335
28177698
19156266
63270368
91694749
98869323
31238508
18184458
40081560
68615175
86788060
19622254
9737461
79519588
73975021
99691912
43504769
53156613
11304172
36867688
37284468
79843558
56835811
19232772
46688387
94491086
69413688
14266264
62597396
85191727
29526290
85136770
97430392
10238767
82303219
61152390
27456987
79470482
69075860
40906031
96131262
40593739
66533387
67891873
60663746
82132392
29185966
96911786
41524048
53209675
88678794
45722264
70712167
80588231
84097299
60930219
18600929
58217054
17002060
16981966
39682249
68016709
73991533
35483764
96666733
96345286
99741326
46048006
21139196
77158494
7157775
1399075
49518195
43560831
68144288
70731160
3303826
99347127
74655251
69721471
85121590
71194700
98811906
68135372
3546653
10062197
95839918
54230684
76331407
48983792
98132604
70171664
89665845
83408611
61227312
88434139
1135229
21049665
37196749
21910865
82874870
91878594
21033760
87844189
50103938
58637662
37960317
47870590
7465198
51567701
88740469
66816264
82662426
94087671
46246894
29319910
83678761
86708633
65058845
59425438
13813317
38693542
76818600
29265225
94368660
92786746
1337239
1944663
26538502
46413964
64213387
76963132
73997963
39569478
91752246
84331696
73623837
54212663
35300023
25150791
20387760
53189466
1587860
36193995
36314513
4786455
94442810
55308292
57043004
15244858
43403141
11871859
73297048
71198105
40929135
33885559
9371059
91519164
65989648
21482762
59112820
56724515
57901278
76307813
15045036
99851411
58121251
30044192
14250710
5335448
11628020
47442756
32503726
60720799
93216295
44542939
94829212
87709635
8582858
72460611
61298653
45038403
11458721
92213616
60947983
54256800
8218068
65617336
26145153
36484090
76778422
5320103
60448403
69121159
92203406
97489347
79255700
64084037
48178443
2796165
85066763
73233164
34237385
60927639
96394344
93342247
47812195
8973782
32362770
86807877
49170947
10131516
33515830
64703380
7011705
19455000
26459026
37674247
23971411
33357689
27996118
68596252
60338150
10641398
60961589
3358841
43688047
78498995
2244430
33775448
76175824
42501545
24468386
63898739
84769019
50303329
51985449
89198724
45608613
97672335
44778553
43359943
19080197
95722945
70364829
85786566
75455431
7853743
91411742
89741113
25610544
21615625
26883080
13690117
48650187
23713823
70523019
79984362
30434708
12772165
89346476
59419310
29126895
29276011
74193904
74095071
83101126
98224647
1069937
27483745
6305902
19233112
48711828
3834557
55079556
49423944
76476842
75471345
54327769
93959186
84873577
27185954
69683715
30389575
22437312
80471041
18106235
80412479
92320069
67400827
71962948
19647247
14646782
30948567
90853081
83985268
21982844
73217738
81035650
78834505
79158525
50490172
13852371
29778162
43037667
23387517
59788926
95665942
15735741
36774698
1160275
33867333
77969256
38490039
51574592
27561805
5996756
86110020
74851626
9208442
65472925
97372949
73973275
5800774
49339376
92244752
93823688
60093507
73157077
25965386
28974805
12977403
66514808
37541709
3251400
39078979
32178531
27120349
43901584
64746218
79939552
19233466
7043738
29083005
54087532
71827808
19975101
22778404
33514578
44124397
94086764
26106650
44706823
89291916
92631828
80789708
82655377
22840026
74223864
88832910
14358718
76574457
84340864
78992991
47097335
12963418
90968635
61183899
36392823
82708489
86116442
56277680
92992323
86766861
59261961
81206967
12569934
14569676
14487267
42238609
59364429
73605565
54465468
56242362
4477333
90189551
1328731
78673935
94514126
42520033
86389542
2664951
89549803
18476649
19369452
66851563
80687190
1015954
51779960
61681948
6002754
56407113
80017012
55360242
8128636
25023544
5450747
46815039
31367745
20392581
83755099
46110869
67232394
35854149
3938811
99287686
77921785
83951697
61390178
15881326
39792607
64487566
60522382
1218649
44185266
17084512
21173216
30081259
35277735
10172693
88031144
81464496
45539352
87717950
36921575
32829624
98010750
79278289
73984948
17828175
82322778
73313156
47976476
33337128
14036442
59858250
11816755
62517129
8173804
50344798
27338824
98953906
34239367
89010555
69829962
47527443
6780791
24537052
35558251
21187492
91449690
38723262
71073867
44035310
15344353
78668078
59320324
42467415
84057029
81684856
57270135
75241145
55115056
37604373
64331099
5567301
26170178
41368764
93781351
61314052
94834334
56766154
95265474
89015340
25072048
21672900
20252492
20551015
8061063
9834966
19981097
19571619
77547744
36919244
6710548
92870309
40918497
97552187
9561975
92533301
71744241
96792992
28300958
68558278
45712739
52162078
10436324
97097960
10141919
4077961
86352512
14591674
73046316
48108003
6500243
79874351
41547423
79649965
57726541
72485887
20025425
41931156
16544304
88918463
90871282
68137601
96744343
10398853
81449736
99683610
69900230
75803433
80087526
70172781
29981487
65353268
38836219
73167371
57099311
82007858
71915147
71143014
77385334
84020315
4157148
88309383
97284396
52998508
47156825
40916103
69501278
62862194
79674899
37063390
43820844
15042556
18595894
63689896
95075670
69964131
61715037
32389946
30102419
59998980
16093241
28075219
98505431
64060918
13766472
72293246
86918265
21505550
42028985
20781659
50904751
26421290
21167453
69659011
74072580
49674518
5736047
95108041
25182041
11005865
57232475
73713559
92685463
52492147
13024527
60538100
81548411
71056642
98333851
53878699
92042843
55523737
75326071
24862331
38120433
67757537
4290887
16899529
83931071
86740787
12575277
62037398
28216431
80678819
97835024
7787506
11017851
84017152
54236077
53705831
89073358
92180464
60942329
94131449
24868182
77320392
59768352
33791506
19961718
45094173
41574252
25006689
95634612
45125322
36500508
80133593
5367776
99264182
72246249
38211223
33339737
44348023
77926265
43385240
6448894
48138712
60893056
28107931
60650689
43248591
75293615
81511521
63609312
86316344
75216472
63780855
30924289
72838687
87680032
42781180
27153367
63124566
74226689
98273253
76336650
98973239
95422425
66516570
75160908
97823043
73996478
21725189
89124982
78085376
28267635
73836321
59598318
59048827
57235266
81841694
72845762
74750025
88766784
2110813
32269602
39807322
77807564
72808242
45666269
13268338
17735302
41497550
81333121
95431106
85590010
35979666
68559599
82592532
54841728
84494109
36549106